"id","cond","th","outl","group"
1002,1,1.01111351748291,0,1
1002,2,-15.2643041240913,1,1
1002,3,3.90056534285714,0,1
1002,4,-8.73415582601572,0,1
1003,1,0.733295009332982,0,1
1003,2,-20.1367568983517,0,1
1003,3,2.22067945714286,0,1
1003,4,-5.93400685260497,1,1
1004,1,1.03948215154246,0,1
1004,2,-12.4298799323319,1,1
1004,3,10.0549699642857,1,1
1004,4,-3.28352558220301,0,1
1006,1,2.22971178452323,0,1
1006,2,-8.70085127327405,1,1
1006,3,7.26295825,1,1
1006,4,-1.8521738493226,0,1
1007,1,2.40514431821973,0,1
1007,2,-16.8529824923363,0,1
1007,3,9.21240668571429,0,1
1007,4,-2.13582707480932,0,1
1008,1,1.06399456280879,0,1
1008,2,-10.113457811676,1,1
1008,3,16.2751268285714,0,1
1008,4,-0.200678173812887,0,1
1009,1,3.16517185604349,0,1
1009,2,-5.39018369462091,0,1
1009,3,23.9209667695238,0,1
1009,4,3.13977059395822,0,1
1010,1,0.782961238305936,1,2
1010,2,-10.1764545222861,1,2
1010,3,8.47595066190476,0,2
1010,4,-2.91126754360899,1,2
1011,1,2.96994751618075,0,1
1011,2,-6.45233937054735,0,1
1011,3,118.464448785714,0,1
1011,4,2.45837937099031,0,1
1012,1,4.18409434395869,0,1
1012,2,-7.4999690399043,0,1
1012,3,45.6009996770833,1,1
1012,4,-1.58986220759508,0,1
1013,1,1.59023298632012,0,2
1013,2,-12.9924425069378,0,2
1013,3,10.1343452142857,1,2
1013,4,-3.72185034873012,1,2
1014,1,2.58410453331526,0,1
1014,2,-16.8740292027232,0,1
1014,3,30.0109465656288,0,1
1014,4,-1.92916235262178,1,1
1015,1,2.44511952503286,0,1
1015,2,-18.1460712203975,0,1
1015,3,14.8370736702381,0,1
1015,4,-3.09506023785332,1,1
1016,1,1.76577600064832,1,2
1016,2,-9.69086746176158,0,2
1016,3,28.8367757206349,0,2
1016,4,-2.0135591412399,0,2
1017,1,2.20027239909039,0,1
1017,2,-14.008792997892,0,1
1017,3,12.7185761358225,1,1
1017,4,-3.75140995638547,0,1
1018,1,3.59058452596851,0,1
1018,2,-2.11648585981301,1,1
1018,3,213.321347194048,0,1
1018,4,-0.650037877325507,0,1
1019,1,1.95963713314937,0,1
1019,2,-9.8935958007009,0,1
1019,3,200.071541790476,0,1
1019,4,0.882288910130226,0,1
1020,1,1.2821830108659,0,2
1020,2,-7.93891532367978,0,2
1020,3,34.6298901904762,1,2
1020,4,-1.86642573988809,1,2
1021,1,1.26327577515454,0,1
1021,2,-10.1823554004675,1,1
1021,3,10.4324094379121,1,1
1021,4,-2.53540777667039,1,1
1022,1,2.29887668996093,0,1
1022,2,-17.495530858127,0,1
1022,3,41.671948335,0,1
1022,4,-4.22072306352291,0,1
1023,1,1.26104779696473,0,1
1023,2,-17.812238744881,0,1
1023,3,4.00355214017858,1,1
1023,4,-4.56880443202662,0,1
1024,1,2.13967596134374,0,1
1024,2,-19.2583794195904,0,1
1024,3,20.822005368254,0,1
1024,4,-3.51509096470246,0,1
1026,1,1.70996641861278,0,1
1026,2,-10.7180004407347,0,1
1026,3,54.2645358218254,0,1
1026,4,-2.38745315354299,0,1
1027,1,1.61762340927429,0,1
1027,2,-10.9610768573572,1,1
1027,3,62.4127108290476,0,1
1027,4,-2.13608698413245,1,1
1028,1,2.70691782528025,0,1
1028,2,-3.24670012097612,0,1
1028,3,156.693418619048,0,1
1028,4,1.04659479057909,0,1
1029,1,4.92377941052145,0,1
1029,2,-8.48768026981597,0,1
1029,3,146.215577479654,0,1
1029,4,3.18473164033739,0,1
1030,1,0.503973801325463,0,1
1030,2,-7.65774626368227,0,1
1030,3,25.3279513752381,0,1
1030,4,-9.40607700626641,0,1
1031,1,0.7775727261446,0,1
1031,2,-14.3583229400136,0,1
1031,3,4.54740772483766,1,1
1031,4,-1.93657585368877,0,1
1032,1,0.796660913412643,1,1
1032,2,-11.433529582812,0,1
1032,3,30.0130020925758,0,1
1032,4,-4.09189077219876,0,1
1033,1,0.849753266193899,0,1
1033,2,-8.43161618597964,0,1
1033,3,25.6539457489178,0,1
1033,4,-6.99418554676492,0,1
1034,1,4.58725520708766,0,1
1034,2,-8.26694757617022,0,1
1034,3,68.5649482071429,1,1
1034,4,6.98995979993604,0,1
1035,1,1.13526527533475,0,1
1035,2,-15.618286393987,0,1
1035,3,8.36467201785714,1,1
1035,4,-5.94834084674857,0,1
1036,1,1.97563067427315,0,1
1036,2,-10.1943972289226,0,1
1036,3,70.6094353272727,0,1
1036,4,-2.93273177923486,0,1
1037,1,1.17996780037884,1,1
1037,2,-13.9533544734935,0,1
1037,3,16.0277475922619,1,1
1037,4,-1.10683892219652,0,1
1038,1,1.14548100942759,0,1
1038,2,-8.45407931041878,0,1
1038,3,226.965547157172,0,1
1038,4,-3.17087617420385,0,1
1040,1,1.93053100370278,0,1
1040,2,-6.80432803649557,0,1
1040,3,33.377461825,0,1
1040,4,-2.8340041093288,0,1
1041,1,1.84203652001243,0,1
1041,2,-12.964432263938,0,1
1041,3,21.3930276607143,1,1
1041,4,-1.88844524453217,0,1
1042,1,2.87289687640281,0,1
1042,2,-9.96803256572747,1,1
1042,3,71.781056125,0,1
1042,4,0.62501147425305,1,1
1043,1,1.25413662647205,0,1
1043,2,-8.23876333426384,0,1
1043,3,31.3887941333333,0,1
1043,4,-2.1661355192429,0,1
1044,1,1.83566215349193,0,1
1044,2,-15.2256895992108,1,1
1044,3,52.8797466680952,0,1
1044,4,-0.741495067835496,0,1
1045,1,3.25821989078298,0,1
1045,2,-10.9144372991477,0,1
1045,3,11.2807688541667,1,1
1045,4,-1.40593550150049,0,1
1046,1,3.05274643911293,1,1
1046,2,-7.74712050151137,0,1
1046,3,54.0131250138889,1,1
1046,4,-1.27788513557965,0,1
1047,1,2.18499807188557,0,1
1047,2,-14.5053315944171,0,1
1047,3,18.0021382419048,0,1
1047,4,-5.01126516960504,0,1
1048,1,1.93022355919841,0,1
1048,2,-15.5780095697488,0,1
1048,3,4.88427317857143,1,1
1048,4,-2.68457945118877,1,1
2001,1,1.31488160264709,1,2
2001,2,-17.4799402920202,0,2
2001,3,64.69213162,0,2
2001,4,-2.19146836848965,0,2
2002,1,1.11963319862748,0,2
2002,2,-10.6047298019725,0,2
2002,3,16.2106961416667,1,2
2002,4,-4.57804472565329,0,2
2003,1,2.38732406685186,0,2
2003,2,-11.5270467441083,0,2
2003,3,144.095260324964,0,2
2003,4,-2.34958151536384,0,2
2050,1,2.8516395032303,0,2
2050,2,-9.87938542488708,0,2
2050,3,16.6134085603175,0,2
2050,4,-0.227816243405077,0,2
2051,1,1.6243335745219,0,2
2051,2,-12.8354487752913,0,2
2051,3,24.7940791559524,0,2
2051,4,-1.7846444367462,0,2
2052,1,1.96928014418534,0,2
2052,2,-12.5920280720316,0,2
2052,3,142.388465325,0,2
2052,4,-2.0028381793851,0,2
2053,1,1.46834685256683,0,2
2053,2,-13.8446941656208,0,2
2053,3,35.9367017785714,0,2
2053,4,-2.63572124137038,0,2
2054,1,1.13529239754583,1,2
2054,2,-12.379893571258,0,2
2054,3,34.4745647886869,0,2
2054,4,3.23418003081804,1,2
2055,1,1.17906592384702,1,2
2055,2,-12.4743584342538,0,2
2055,3,27.8397829409524,0,2
2055,4,-5.54051149773238,0,2
2056,1,2.02331628613562,0,2
2056,2,-12.4975410452303,0,2
2056,3,6.00683749891775,1,2
2056,4,-0.523335832877231,0,2
2057,1,1.73933396327485,0,2
2057,2,-6.63344232307675,1,2
2057,3,60.4442792967949,0,2
2057,4,-4.66585286777373,0,2
2058,1,1.29766895277575,0,2
2058,2,-17.0915042890483,0,2
2058,3,34.5427515761905,0,2
2058,4,-4.93701489962596,0,2
2059,1,1.56067014810909,0,2
2059,2,-9.96521377295111,0,2
2059,3,127.17874192381,0,2
2059,4,-1.07404977875504,0,2
2060,1,1.32694480729439,2,2
2060,2,-7.32408203181665,0,2
2060,3,60.7948294063736,0,2
2060,4,-3.04930474265487,0,2
2061,1,1.83374778210333,0,2
2061,2,-8.76038388470472,0,2
2061,3,43.255177512482,0,2
2061,4,-3.99965966151592,0,2
2062,1,2.12798642298742,0,2
2062,2,-16.6360235670085,0,2
2062,3,38.57961644,0,2
2062,4,-1.5459218756184,0,2
2063,1,3.27028510157495,0,2
2063,2,-1.49840443518114,1,2
2063,3,156.540384752222,0,2
2063,4,1.33818500398173,0,2
2064,1,2.02359946128819,0,2
2064,2,-6.38661039559865,0,2
2064,3,181.703891318182,0,2
2064,4,4.22394496198374,1,2
2065,1,1.35412300168473,0,2
2065,2,-2.11621881862637,0,2
2065,3,59.28878287,0,2
2065,4,0.605411569073525,0,2
2067,1,2.54825093338927,0,2
2067,2,-6.09766231271316,1,2
2067,3,172.048614447857,0,2
2067,4,-1.10264744702226,0,2
2070,1,1.66552276417523,0,2
2070,2,-12.0200746702211,0,2
2070,3,38.6566083883929,1,2
2070,4,0.527018643954445,0,2
2071,1,2.50376192629373,0,2
2071,2,-3.60945865949429,0,2
2071,3,204.189372142857,0,2
2071,4,-0.319306472255762,0,2
6001,1,1.22834803117312,0,3
6001,2,-21.9461224055242,0,3
6001,3,11.8185044642857,1,3
6001,4,-3.08441238248071,0,3
6002,1,2.12464848044788,0,3
6002,2,-15.1011682988284,0,3
6002,3,16.7973519428571,1,3
6002,4,-8.52252706453072,0,3
6003,1,1.26194180659411,0,3
6003,2,-19.4299921607031,1,3
6003,3,41.618547215873,0,3
6003,4,-7.22320135424471,0,3
6010,1,1.81000357713317,0,3
6010,2,-16.1237042391178,0,3
6010,3,52.1672206678788,0,3
6010,4,-3.39131968614154,0,3
6013,1,1.16656352811101,0,3
6013,2,-15.5618592734827,0,3
6013,3,3.5823021031746,1,3
6013,4,-6.65489888068869,0,3
6016,1,1.66225953792701,0,3
6016,2,-17.822271423766,0,3
6016,3,18.9814768257143,0,3
6016,4,-5.07702891453315,0,3
6020,1,1.7307484554829,0,3
6020,2,-10.2610675038798,0,3
6020,3,33.2335503566667,0,3
6020,4,-2.80578861470882,0,3
6050,1,0.994050885794825,0,3
6050,2,-15.3332448595878,0,3
6050,3,16.4254982115385,0,3
6050,4,-3.48141034706555,0,3
6051,1,1.4394684457197,0,3
6051,2,-9.26271412977014,0,3
6051,3,8.97979713928572,1,3
6051,4,-3.55627564750827,1,3
6052,1,1.92202297691289,0,3
6052,2,-12.7402782692667,0,3
6052,3,15.0335265874476,0,3
6052,4,-4.20627407346581,0,3
6053,1,1.83388445972134,0,3
6053,2,-14.1627649970282,1,3
6053,3,30.5305588364286,0,3
6053,4,-1.90690532548143,0,3
6054,1,1.35973989545282,0,3
6054,2,-12.1411304328247,0,3
6054,3,25.4276460285714,0,3
6054,4,-0.644184505349051,0,3
6055,1,2.86076865914773,1,3
6055,2,-15.015659662095,0,3
6055,3,4.77866754428572,0,3
6055,4,1.65377341021683,0,3
6056,1,4.39088568055327,0,3
6056,2,-2.96815561688665,1,3
6056,3,333.016931267857,0,3
6056,4,-0.0437875447972692,1,3
6057,1,2.62281034097089,1,3
6057,2,-14.9125565584856,0,3
6057,3,12.7135523779762,1,3
6057,4,-4.8459200937354,1,3
6058,1,1.09111643042017,1,3
6058,2,-16.0231431789308,0,3
6058,3,43.7667456942857,0,3
6058,4,-2.59967974977731,0,3
6059,1,1.15777696731631,0,3
6059,2,-8.99539943134811,0,3
6059,3,45.8610573940476,1,3
6059,4,-4.08416454534142,0,3
6060,1,0.67330822076848,0,3
6060,2,-12.8143985513592,0,3
6060,3,29.2370943850649,1,3
6060,4,-2.93665233207577,0,3
6061,1,0.900449555643885,1,3
6061,2,-17.0497102655008,0,3
6061,3,48.5658908642857,0,3
6061,4,-4.21937098708417,0,3
6062,1,1.37758683039892,0,3
6062,2,-19.2472284062199,0,3
6062,3,28.7827836784874,0,3
6062,4,-5.27526811628376,0,3
6063,1,0.830855638117556,0,3
6063,2,-21.769509611442,0,3
6063,3,2.80903238988095,1,3
6063,4,-4.1658320543336,0,3
6064,1,1.84866990252567,0,3
6064,2,-8.00287741298489,0,3
6064,3,7.14181078571428,1,3
6064,4,-3.2841234211602,1,3
6065,1,2.97482652967759,0,3
6065,2,-3.7903485278872,0,3
6065,3,342.811447814394,1,3
6065,4,-3.99208628097781,1,3
6067,1,0.748389085486366,0,3
6067,2,-9.39632830020305,1,3
6067,3,45.2675762690476,0,3
6067,4,-8.32080181732756,0,3
6070,1,1.53121916056036,0,3
6070,2,-11.7561730781435,0,3
6070,3,15.1542046057143,0,3
6070,4,-5.29386343098031,0,3
6071,1,0.552687816621728,0,3
6071,2,-18.4991848338644,0,3
6071,3,11.3063447607143,0,3
6071,4,-7.36125080261895,0,3
